
Eval Log Wed Sep  4 15:54:00 2024
Namespace(backbone='vgg16_bn', data_root='/media/xd/zrj/Prjs/MYP2PNET_ROOT/crowd_datasets/CELLSsplit_v2/DATA_ROOT', dataset_file='CELLSsplit_v2', gpu_id=0, line=2, output_dir='/media/xd/zrj/Prjs/MYP2PNET_ROOT/output', row=2, seed=42, weight_path='/media/xd/zrj/Cellsplitv3lastb4e6.pth')
m_F1point_score_ori:0.8823529411764706
m_F1point_scores_cur:[[0.9577464788732395], [0.9577464788732395], [0.9722222222222222]]
Eval Log Wed Sep  4 15:55:14 2024
Namespace(backbone='vgg16_bn', data_root='/media/xd/zrj/Prjs/MYP2PNET_ROOT/crowd_datasets/CELLSsplit_v2/DATA_ROOT', dataset_file='CELLSsplit_v2', gpu_id=0, line=2, output_dir='/media/xd/zrj/Prjs/MYP2PNET_ROOT/output', row=2, seed=42, weight_path='/media/xd/zrj/Cellsplitv3lastb4e6.pth')
m_F1point_score_ori:0.8823529411764706
m_F1point_scores_cur:[[0.9577464788732395], [0.9577464788732395], [0.9722222222222222]]
Eval Log Wed Sep  4 16:00:31 2024
Namespace(backbone='vgg16_bn', data_root='/media/xd/zrj/Prjs/MYP2PNET_ROOT/crowd_datasets/CELLSsplit_v2/DATA_ROOT', dataset_file='CELLSsplit_v2', gpu_id=0, line=2, output_dir='/media/xd/zrj/Prjs/MYP2PNET_ROOT/output', row=2, weight_path='/media/xd/zrj/Cellsplitv3lastb4e6.pth')
m_F1point_score_ori:0.804774310368925
m_F1point_scores_cur:[[0.9577464788732395, 0.9696969696969697, 0.9215686274509804, 0.8936170212765958, 0.9500000000000001, 0.9870129870129869, 0.9885057471264368, 0.9736842105263158, 0.9310344827586207, 0.8607594936708861, 0.8932038834951457, 0.9010989010989011, 0.9420289855072463, 0.967741935483871, 0.9010989010989012, 0.8979591836734694, 0.8858695652173914, 0.9041095890410958, 0.877076411960133, 0.934959349593496, 0.9500000000000001, 0.8811594202898549, 0.9337539432176657, 0.9764309764309764, 0.8914956011730205, 0.9197530864197531, 0.9494949494949495, 0.9696969696969696, 0.9376558603491272, 0.9688385269121813, 0.9832775919732442, 0.9420849420849421, 0.7655502392344498, 0.8222996515679443, 0.9144981412639406, 0.8844621513944223, 0.8642659279778393, 0.8753623188405797, 0.9036144578313252, 0.9067524115755627, 0.867816091954023, 0.906906906906907, 0.9060402684563759, 0.8104575163398694, 0.917098445595855, 0.9391304347826087, 0.8125, 0.7826086956521738, 0.9500000000000001, 0.9406392694063926, 0.9724770642201834, 0.9357798165137615, 0.9781021897810218, 0.9592760180995475, 0.9545454545454545, 0.8142857142857144, 0.8571428571428572, 0.9870129870129869, 0.8961038961038961, 0.9139072847682119, 0.9841269841269841, 0.9500000000000001, 0.9743589743589743, 0.9612403100775193, 0.7999999999999999, 0.746031746031746, 0.7741935483870968, 0.7894736842105263, 0.8316831683168318, 0.7241379310344828, 0.9015544041450777, 0.6470588235294118, 0.5753424657534246, 0.8533333333333333, 0.7808219178082192, 0.8741721854304636, 0.9206349206349206, 0.7692307692307694, 0.9217391304347826, 0.8181818181818182, 0.896551724137931, 0.914027149321267, 0.935064935064935, 0.935064935064935, 0.9393939393939394, 0.9625668449197862, 0.9720670391061453, 0.9801324503311258, 0.9753694581280787, 0.9642857142857143, 0.9770114942528736, 0.9704142011834319, 0.97, 0.9435897435897437, 0.9761904761904763, 0.970059880239521, 0.9024390243902439, 0.9247311827956989, 0.9285714285714286, 0.9295774647887324, 0.8030303030303029, 0.8148148148148148, 0.8598130841121496, 0.8468468468468469, 0.8832487309644671, 0.8928571428571428, 0.8977272727272727, 0.9364161849710982, 0.8811881188118812, 0.8349514563106796, 0.8505747126436781, 0.8205128205128205, 0.8831168831168832, 0.9378531073446328, 0.9895833333333333, 0.968944099378882, 0.9473684210526316, 0.9844559585492227, 0.9017857142857143, 0.9666666666666667, 0.9294117647058824, 0.9255319148936171, 0.9032258064516129, 0.9570552147239264, 0.9005847953216374, 0.9815950920245398, 0.9487179487179489, 0.9064748201438848, 0.8139534883720931, 0.6545454545454545, 0.7906976744186047, 0.8395061728395061, 0.8135593220338982, 0.8444444444444443, 0.8358208955223881, 0.8717948717948718, 0.8322981366459627, 0.8228571428571428, 0.8099173553719008, 0.8242424242424242, 0.8645833333333334, 0.9294117647058823, 0.8588957055214723, 0.8270676691729324, 0.964467005076142, 0.9062499999999999, 0.8859060402684563, 0.9132947976878613, 0.946808510638298, 0.9156626506024096, 0.8840579710144928, 0.8849557522123894, 0.935064935064935, 0.9747899159663865, 0.9213483146067417, 0.9160305343511451, 0.8292682926829268, 0.7083333333333334, 0.8516746411483254, 0.9906542056074767, 0.8495575221238937, 0.7812500000000001, 0.8103448275862069, 0.8765432098765432, 0.8263473053892216, 0.8170731707317073, 0.6906474820143885, 0.8256880733944953, 0.8588235294117647, 0.8787878787878787, 0.75, 0.8617886178861789, 0.7258064516129034, 0.7083333333333334, 0.8666666666666666, 0.888888888888889], [0.9577464788732395, 0.9306930693069307, 0.9215686274509804, 0.9078014184397163, 0.9512195121951219, 0.9870129870129869, 0.9885057471264368, 0.9736842105263158, 0.9310344827586207, 0.8607594936708861, 0.8932038834951457, 0.9347826086956522, 0.9130434782608695, 0.967741935483871, 0.9010989010989012, 0.9504950495049505, 0.8906666666666667, 0.9285714285714285, 0.8741721854304636, 0.9473684210526315, 0.9701492537313434, 0.895184135977337, 0.96, 0.983277591973244, 0.8933717579250721, 0.8914956011730206, 0.9387755102040817, 0.9467455621301775, 0.93734335839599, 0.935933147632312, 0.9798657718120806, 0.9328358208955224, 0.7707317073170731, 0.8630136986301371, 0.9402985074626866, 0.8835341365461847, 0.8587257617728532, 0.9107142857142856, 0.9418960244648319, 0.9589041095890412, 0.9285714285714286, 0.9337349397590362, 0.9553264604810996, 0.7919463087248322, 0.9476439790575917, 0.9620991253644314, 0.8951612903225806, 0.7766990291262136, 0.9500000000000001, 0.9406392694063926, 0.9683257918552037, 0.9585253456221198, 0.9781021897810218, 0.9369369369369369, 0.9532710280373832, 0.8767123287671234, 0.82, 0.9870129870129869, 0.9395973154362416, 0.9199999999999999, 0.9841269841269841, 0.983050847457627, 0.9830508474576272, 0.96875, 0.8387096774193548, 0.8760330578512397, 0.8413793103448275, 0.8648648648648649, 0.8910891089108911, 0.8208092485549133, 0.9270833333333334, 0.6617647058823529, 0.6388888888888888, 0.8979591836734694, 0.8413793103448276, 0.8266666666666667, 0.9206349206349206, 0.8159999999999998, 0.9217391304347826, 0.8992248062015504, 0.9134615384615384, 0.9321266968325792, 0.9605263157894737, 0.935064935064935, 0.9393939393939394, 0.9583333333333334, 0.9777777777777779, 0.9801324503311258, 0.9803921568627451, 0.9642857142857143, 0.9599999999999999, 0.9642857142857143, 0.97, 0.9543147208121826, 0.9761904761904763, 0.9397590361445783, 0.9523809523809523, 0.9247311827956989, 0.983050847457627, 0.9846153846153847, 0.8405797101449276, 0.8837209302325582, 0.9357798165137615, 0.8073394495412844, 0.9846153846153847, 0.920353982300885, 0.9534883720930232, 0.9585798816568047, 0.9107981220657277, 0.8761904761904762, 0.896551724137931, 0.881578947368421, 0.9182389937106918, 0.9438202247191013, 0.9381443298969072, 0.968944099378882, 0.935672514619883, 0.9844559585492227, 0.9406392694063926, 0.967032967032967, 0.9761904761904762, 0.8756756756756756, 0.894308943089431, 0.9634146341463414, 0.9479768786127168, 0.9815950920245398, 0.9426751592356688, 0.9285714285714286, 0.8817204301075269, 0.74, 0.8705882352941176, 0.8987341772151898, 0.8521739130434783, 0.9080459770114944, 0.8877551020408163, 0.9090909090909091, 0.9290322580645162, 0.8604651162790699, 0.8739495798319329, 0.9125, 0.9130434782608696, 0.9570552147239264, 0.8607594936708861, 0.8461538461538461, 0.9591836734693878, 0.9775280898876404, 0.951048951048951, 0.9186046511627908, 0.9617486338797814, 0.9166666666666666, 0.8823529411764706, 0.8807339449541285, 0.8987341772151899, 0.9747899159663865, 0.9213483146067417, 0.9160305343511451, 0.8429752066115702, 0.7234042553191489, 0.9285714285714285, 1.0, 0.8495575221238937, 0.8870967741935484, 0.8108108108108109, 0.9433962264150944, 0.8834355828220858, 0.8322981366459626, 0.8244274809160305, 0.8363636363636364, 0.8834355828220859, 0.9291338582677166, 0.7529411764705882, 0.888888888888889, 0.7479674796747967, 0.7640449438202246, 0.8999999999999999, 0.9278350515463918], [0.9722222222222222, 0.9306930693069307, 0.9215686274509804, 0.9078014184397163, 0.9629629629629629, 0.9870129870129869, 0.9885057471264368, 0.9870129870129869, 0.9310344827586207, 0.8607594936708861, 0.923076923076923, 0.853932584269663, 0.9130434782608695, 0.967741935483871, 0.8666666666666666, 0.9411764705882353, 0.8906666666666667, 0.9205479452054796, 0.9090909090909091, 0.9249999999999999, 0.949748743718593, 0.8660436137071652, 0.9371069182389937, 0.9694915254237287, 0.895774647887324, 0.9166666666666667, 0.9375, 0.9552238805970149, 0.9376558603491272, 0.935933147632312, 0.9798657718120806, 0.9363295880149812, 0.7745098039215687, 0.8867313915857605, 0.9191176470588235, 0.9300411522633746, 0.907563025210084, 0.9360465116279071, 0.9325153374233128, 0.9694915254237289, 0.8967551622418879, 0.9422492401215805, 0.9488054607508533, 0.8932038834951456, 0.9226666666666666, 0.9620991253644314, 0.8951612903225806, 0.8484848484848485, 0.9500000000000001, 0.9406392694063926, 0.963963963963964, 0.9537037037037037, 0.9781021897810218, 0.9369369369369369, 0.9532710280373832, 0.8767123287671234, 0.8737864077669903, 0.9870129870129869, 0.92, 0.9324324324324323, 0.9841269841269841, 0.983050847457627, 0.9747899159663865, 0.96875, 0.8253968253968254, 0.8833333333333334, 0.8493150684931507, 0.8961748633879782, 0.8910891089108911, 0.8275862068965517, 0.9484536082474226, 0.6617647058823529, 0.6388888888888888, 0.8979591836734694, 0.8163265306122449, 0.8266666666666667, 0.9206349206349206, 0.7967479674796748, 0.8983050847457628, 0.9076923076923077, 0.9302325581395349, 0.9321266968325792, 0.9673202614379085, 0.915032679738562, 0.9393939393939394, 0.9583333333333334, 0.994535519125683, 0.9801324503311258, 0.9803921568627451, 0.9734513274336283, 0.9491525423728814, 0.9642857142857143, 0.9753694581280788, 0.9595959595959594, 0.9822485207100593, 0.9397590361445783, 0.988235294117647, 0.8571428571428571, 1.0, 0.8787878787878788, 0.8613138686131387, 0.8923076923076922, 0.9454545454545454, 0.7927927927927929, 0.989795918367347, 0.963302752293578, 0.9824561403508771, 0.9647058823529412, 0.919431279620853, 0.8761904761904762, 0.9132947976878611, 0.881578947368421, 0.9, 0.9438202247191013, 0.9326424870466321, 0.968944099378882, 0.9364161849710984, 0.9844559585492227, 0.9541284403669725, 0.9726775956284154, 0.9761904761904762, 0.8983957219251336, 0.9, 0.9629629629629629, 0.9378531073446328, 0.9815950920245398, 0.9426751592356688, 0.9064748201438848, 0.8210526315789474, 0.7474747474747474, 0.8875739644970414, 0.929936305732484, 0.8947368421052632, 0.9239766081871345, 0.8969072164948454, 0.9148936170212766, 0.9542483660130718, 0.8901734104046243, 0.8813559322033899, 0.9125, 0.9071038251366121, 0.9634146341463414, 0.974025974025974, 0.8939393939393939, 0.964467005076142, 0.9775280898876404, 0.951048951048951, 0.9302325581395349, 0.9617486338797814, 0.9221556886227545, 0.8955223880597015, 0.8807339449541285, 0.9375000000000001, 0.9666666666666667, 0.9213483146067417, 0.9090909090909091, 0.85, 0.7234042553191489, 0.9285714285714285, 1.0, 0.8596491228070174, 0.7538461538461538, 0.8108108108108109, 0.949367088607595, 0.8957055214723927, 0.8695652173913043, 0.8527131782945736, 0.8518518518518519, 0.888888888888889, 0.9291338582677166, 0.8, 0.888888888888889, 0.7603305785123967, 0.7640449438202246, 0.9213483146067417, 0.9583333333333333]]
num of img:176
Eval Log Wed Sep  4 16:10:13 2024
Namespace(backbone='vgg16_bn', data_root='/media/xd/zrj/Prjs/MYP2PNET_ROOT/crowd_datasets/CELLSsplit_v2/DATA_ROOT', dataset_file='CELLSsplit_v2', gpu_id=0, line=2, output_dir='/media/xd/zrj/Prjs/MYP2PNET_ROOT/output', row=2, weight_path='/media/xd/zrj/Cellsplitv3lastb4e6.pth')
m_F1point_score_ori:0.804774310368925
m_F1point_score_cur0:0.88908260652127
m_F1point_score_cur1:0.9110889537402038
m_F1point_score_cur2:0.9148983519413316
num of img:176
Eval Log Thu Sep  5 10:27:49 2024
Namespace(backbone='vgg16_bn', data_root='/media/xd/zrj/Prjs/MYP2PNET_ROOT/crowd_datasets/CELLSsplit_v2/DATA_ROOT', dataset_file='CELLSsplit_v2', gpu_id=0, line=2, output_dir='/media/xd/zrj/Prjs/MYP2PNET_ROOT/output', row=2, weight_path='/media/xd/zrj/Cellsplitv3lastb4e6.pth')
m_F1point_score_ori:nan
m_F1point_score_cur0:0.9577464788732395
m_F1point_score_cur1:0.9577464788732395
m_F1point_score_cur2:0.9722222222222222
num of img:176
Eval Log Thu Sep  5 10:30:39 2024
Namespace(backbone='vgg16_bn', data_root='/media/xd/zrj/Prjs/MYP2PNET_ROOT/crowd_datasets/CELLSsplit_v2/DATA_ROOT', dataset_file='CELLSsplit_v2', gpu_id=0, line=2, output_dir='/media/xd/zrj/Prjs/MYP2PNET_ROOT/output', row=2, weight_path='/media/xd/zrj/Cellsplitv3lastb4e6.pth')
m_F1point_score_ori:0.8823529411764706
m_F1point_score_cur0:0.9577464788732395
m_F1point_score_cur1:0.9577464788732395
m_F1point_score_cur2:0.9722222222222222
num of img:176
Eval Log Thu Sep  5 10:33:30 2024
Namespace(backbone='vgg16_bn', data_root='/media/xd/zrj/Prjs/MYP2PNET_ROOT/crowd_datasets/CELLSsplit_v2/DATA_ROOT', dataset_file='CELLSsplit_v2', gpu_id=0, line=2, output_dir='/media/xd/zrj/Prjs/MYP2PNET_ROOT/output', row=2, weight_path='/media/xd/zrj/Cellsplitv3lastb4e6.pth')
m_F1point_score_ori:0.8823529411764706
m_F1point_score_cur0:0.9577464788732395
m_F1point_score_cur1:0.9577464788732395
m_F1point_score_cur2:0.9722222222222222
maes_cur0:1.0
mses_cur0:1.0
maes_cur1:1.0
mses_cur1:1.0
maes_cur2:0.0
mses_cur2:0.0
num of img:176
Eval Log Thu Sep  5 10:39:12 2024
Namespace(backbone='vgg16_bn', data_root='/media/xd/zrj/Prjs/MYP2PNET_ROOT/crowd_datasets/CELLSsplit_v2/DATA_ROOT', dataset_file='CELLSsplit_v2', gpu_id=0, line=2, output_dir='/media/xd/zrj/Prjs/MYP2PNET_ROOT/output', row=2, weight_path='/media/xd/zrj/Cellsplitv3lastb4e6.pth')
m_F1point_score_ori:0.804774310368925
mae_ori:8.704545454545455,mse_ori:133.9090909090909
m_F1point_score_cur0:0.88908260652127
m_F1point_score_cur1:0.9110889537402038
m_F1point_score_cur2:0.9148983519413316
maes_cur0:4.994318181818182
mses_cur0:49.38068181818182
maes_cur1:4.2102272727272725
mses_cur1:35.97159090909091
maes_cur2:4.482954545454546
mses_cur2:42.59659090909091
num of img:176

Eval Log Thu Sep  5 10:59:23 2024
Namespace(backbone='vgg16_bn', data_root='/media/xd/zrj/Prjs/MYP2PNET_ROOT/crowd_datasets/CELLSsplit_v2/DATA_ROOT', dataset_file='CELLSsplit_v2', gpu_id=0, line=2, output_dir='/media/xd/zrj/Prjs/MYP2PNET_ROOT/output', row=2, weight_path='/media/xd/zrj/Cellsplitv3lastb4e6.pth')
m_F1point_score_ori:0.8114448045397947,δ:0.5
mae_ori:8.704545454545455,mse_ori:133.9090909090909
m_F1point_score_cur0:0.8979004457151333
m_F1point_score_cur1:0.9205656414669557
m_F1point_score_cur2:0.9254047420300996
maes_cur0:4.994318181818182
mses_cur0:49.38068181818182
maes_cur1:4.2102272727272725
mses_cur1:35.97159090909091
maes_cur2:4.482954545454546
mses_cur2:42.59659090909091
num of img:176